File generated by COGITO
percent charge spilling: 0.14%
maximum band charge spill: 0.71%
maximum charge spill: 1.24%
average orbital mixing: 0.43%
max orbital mixing: 1.08%
avg spill per band:
  0.0004   0.0003   0.0001   0.0001   0.0001   0.0001
  0.0001   0.0001   0.0001   0.0001   0.0001   0.0002
  0.0011   0.0012   0.0030   0.0025   0.0036   0.0040
  0.0038   0.0062   0.0878   0.0975   0.1190   0.0959
  0.1055   0.0688   0.8538   0.8791   0.9176   0.9478
  0.9673   0.9624   0.9762   0.9778   0.9874   0.9894
  0.9932   0.9958   0.9942   0.9959   0.9967   0.9982
  0.9981   0.9981   0.9982   0.9980   0.9985   0.9986
  0.9989   0.9991   0.9992   0.9994   0.9995   0.9994
  0.9993   0.9993   0.9992   0.9994   0.9995   0.9996
  0.9995   0.9996   0.9996   0.9995   0.9995   0.9995
  0.9996   0.9996   0.9996   0.9997   0.9997   0.9997
  0.9997   0.9997   0.9997   0.9997   0.9997   0.9997
  0.9998   0.9998
