File generated by COGITO
3 3 2 26
start params
   -3    -3    -2     1     1 -0.000000032617 -0.000000000000
   -3    -3    -2     1     2 -0.000000022526 0.000000000000
   -3    -3    -2     1     3 -0.000000069718 -0.000000000000
   -3    -3    -2     1     4 -0.000000022526 0.000000000000
.
.
.
    0     0     0     6     6 0.999873053114 0.000000000000
    0     0     0     6     7 -0.000000000000 -0.000000000000
    0     0     0     6     8 0.000329348831 -0.000000000000
    0     0     0     6     9 0.000000000000 -0.000000000000
    0     0     0     6    10 -0.001197017947 -0.000000000000
    0     0     0     6    11 0.001659501068 0.000000000000
    0     0     0     6    12 0.000872144234 0.000000000000
    0     0     0     6    13 -0.001659501068 0.000000000000
    0     0     0     6    14 -0.000000000000 -0.000000000000
    0     0     0     6    15 0.018241402626 0.000000000000
    0     0     0     6    16 -0.017497044689 0.000000000000
    0     0     0     6    17 -0.036171087794 -0.000000000000
    0     0     0     6    18 0.017497044689 -0.000000000000
    0     0     0     6    19 0.102180849975 -0.000000000000
    0     0     0     6    20 -0.128986856728 -0.000000000000
    0     0     0     6    21 0.092923573742 -0.000000000000
    0     0     0     6    22 -0.000000000000 -0.000000000000
    0     0     0     6    23 0.102180849975 -0.000000000000
    0     0     0     6    24 -0.000000000000 -0.000000000000
    0     0     0     6    25 0.092923573742 -0.000000000000
    0     0     0     6    26 0.128986856728 0.000000000000
.
.
.