lattice_vecs
    4.05505270     0.00000000     0.00000000
    0.00000000     4.05505270     0.00000000
    0.00000000     0.00000000     5.47357943
atoms
    0.50000000     0.00000000     0.21770996 Pb 14.0000
   -0.00000000     0.50000000     0.78229004 Pb 14.0000
    0.50000000     0.50000000     0.00000000 O  6.0000
    0.00000000     0.00000000    -0.00000000 O  6.0000
orbitals
    0.50000000     0.00000000     0.21770996 0 d
    0.50000000     0.00000000     0.21770996 0 d
    0.50000000     0.00000000     0.21770996 0 d
    0.50000000     0.00000000     0.21770996 0 d
    0.50000000     0.00000000     0.21770996 0 d
    0.50000000     0.00000000     0.21770996 0 s
    0.50000000     0.00000000     0.21770996 0 p
    0.50000000     0.00000000     0.21770996 0 p
    0.50000000     0.00000000     0.21770996 0 p
   -0.00000000     0.50000000     0.78229004 1 d
   -0.00000000     0.50000000     0.78229004 1 d
   -0.00000000     0.50000000     0.78229004 1 d
   -0.00000000     0.50000000     0.78229004 1 d
   -0.00000000     0.50000000     0.78229004 1 d
   -0.00000000     0.50000000     0.78229004 1 s
   -0.00000000     0.50000000     0.78229004 1 p
   -0.00000000     0.50000000     0.78229004 1 p
   -0.00000000     0.50000000     0.78229004 1 p
    0.50000000     0.50000000     0.00000000 2 s
    0.50000000     0.50000000     0.00000000 2 p
    0.50000000     0.50000000     0.00000000 2 p
    0.50000000     0.50000000     0.00000000 2 p
    0.00000000     0.00000000    -0.00000000 3 s
    0.00000000     0.00000000    -0.00000000 3 p
    0.00000000     0.00000000    -0.00000000 3 p
    0.00000000     0.00000000    -0.00000000 3 p
orbital spherical harmonics combo
  1.000000000000   0.000000000000   0.000000000000   0.000000000000   0.000000000000 
  0.000000000000   1.000000000000   0.000000000000   0.000000000000   0.000000000000 
  0.000000000000   0.000000000000   1.000000000000   0.000000000000   0.000000000000 
  0.000000000000   0.000000000000   0.000000000000   1.000000000000   0.000000000000 
  0.000000000000   0.000000000000   0.000000000000   0.000000000000   1.000000000000 
  1.000000000000 
  1.000000000000   0.000000000000   0.000000000000 
  0.000000000000   1.000000000000   0.000000000000 
  0.000000000000   0.000000000000   1.000000000000 
  1.000000000000   0.000000000000   0.000000000000   0.000000000000   0.000000000000 
  0.000000000000   1.000000000000   0.000000000000   0.000000000000   0.000000000000 
  0.000000000000   0.000000000000   1.000000000000   0.000000000000   0.000000000000 
  0.000000000000   0.000000000000   0.000000000000   1.000000000000   0.000000000000 
  0.000000000000   0.000000000000   0.000000000000   0.000000000000   1.000000000000 
  1.000000000000 
  1.000000000000   0.000000000000   0.000000000000 
  0.000000000000   1.000000000000   0.000000000000 
  0.000000000000   0.000000000000   1.000000000000 
  1.000000000000 
  1.000000000000   0.000000000000   0.000000000000 
  0.000000000000   1.000000000000   0.000000000000 
  0.000000000000   0.000000000000   1.000000000000 
  1.000000000000 
  1.000000000000   0.000000000000   0.000000000000 
  0.000000000000   1.000000000000   0.000000000000 
  0.000000000000   0.000000000000   1.000000000000 
fermi energy     4.61606510
energy shift    -9.12740000
spin polar False