File generated by COGITO
3 3 2 26
start params
   -3    -3    -2     1     1 0.000000937637 -0.000000001146
   -3    -3    -2     1     2 0.000000456469 -0.000000016048
   -3    -3    -2     1     3 0.000001680912 -0.000000005082
   -3    -3    -2     1     4 0.000000448654 -0.000000009851
.
.
.
    0     0     0     6     6 -12.653286765415 -0.000000000000
    0     0     0     6     7 -0.000000003060 -0.000000003098
    0     0     0     6     8 0.887211895878 -0.000000173271
    0     0     0     6     9 -0.000000011477 0.000000008021
    0     0     0     6    10 0.033962650757 0.000000231343
    0     0     0     6    11 -0.049561898102 -0.000000221488
    0     0     0     6    12 -0.025543869011 -0.000000297009
    0     0     0     6    13 0.049561777544 0.000000012608
    0     0     0     6    14 -0.000000272100 -0.000000027102
    0     0     0     6    15 -0.347540723851 -0.000000070254
    0     0     0     6    16 0.290748289356 -0.000000029556
    0     0     0     6    17 0.571670386466 -0.000000088915
    0     0     0     6    18 -0.290748309899 -0.000000043803
    0     0     0     6    19 -2.996536528573 0.000000195339
    0     0     0     6    20 2.509298471369 0.000000040470
    0     0     0     6    21 -1.631632900080 -0.000000083909
    0     0     0     6    22 -0.000000004683 0.000000064794
    0     0     0     6    23 -2.996536515641 0.000000234502
    0     0     0     6    24 -0.000000012715 0.000000063281
    0     0     0     6    25 -1.631632892892 -0.000000085367
    0     0     0     6    26 -2.509298483343 -0.000000035695
.
.
.